Final Result!1-2
T:
           1 -4.15223e-13  1.95753e-09
 4.15223e-13            1 -3.62448e-10
           0            0            1
T_inv:
           1  4.15223e-13 -1.95753e-09
-4.15223e-13            1  3.62448e-10
           0           -0            1
T_st:
   0.99846  0.0554788  -0.185922
-0.0554788    0.99846  0.0540623
         0          0          1
T_st_inv:
   0.99846 -0.0554788   0.188635
 0.0554788    0.99846 -0.0436642
        -0          0          1
time: 0.491888

Final Result!2-3
T:
           1 -1.23651e-13  2.37662e-10
 1.23651e-13            1  1.45281e-09
           0            0            1
T_inv:
           1  1.23651e-13 -2.37662e-10
-1.23651e-13            1 -1.45281e-09
           0           -0            1
T_st:
  0.998664  0.0516736  -0.175326
-0.0516736   0.998664  0.0629593
         0          0          1
T_st_inv:
  0.998664 -0.0516736   0.178345
 0.0516736   0.998664 -0.0538155
        -0          0          1
time: 0.446799

Final Result!1-3
T:
           1 -1.84731e-14  3.85483e-11
 1.84731e-14            1  3.64798e-10
           0            0            1
T_inv:
           1  1.84731e-14 -3.85483e-11
-1.84731e-14            1 -3.64798e-10
           0           -0            1
T_st:
 0.993993  0.109442 -0.350916
-0.109442  0.993993  0.132289
        0         0         1
T_st_inv:
 0.993993 -0.109442  0.363286
 0.109442  0.993993  -0.09309
       -0         0         1
time: 0.512846

T32*T21 = T31
T_3_1:
  0.994259  -0.106999   0.368984
  0.106999   0.994259 -0.0876739
         0          0          1


pose graph:
vertex: 0 1
pose:
 0.993993 -0.109442         0  0.363286
 0.109442  0.993993        -0  -0.09309
       -0        -0         1        -0
       -0        -0        -0         1
iteration= 0	 chi2= 0.000000	 time= 0.000240604	 cumTime= 0.000240604	 edges= 1	 schur= 0	 lambda= 0.000004	 levenbergIter= 1
iteration= 1	 chi2= 0.000000	 time= 0.000188948	 cumTime= 0.000429552	 edges= 1	 schur= 0	 lambda= 0.000002	 levenbergIter= 1
iteration= 2	 chi2= 0.000000	 time= 0.000175505	 cumTime= 0.000605057	 edges= 1	 schur= 0	 lambda= 0.000002	 levenbergIter= 1
iteration= 3	 chi2= 0.000000	 time= 0.000174686	 cumTime= 0.000779743	 edges= 1	 schur= 0	 lambda= 0.000001	 levenbergIter= 1
iteration= 4	 chi2= 0.000000	 time= 0.000174887	 cumTime= 0.00095463	 edges= 1	 schur= 0	 lambda= 0.000001	 levenbergIter= 1
iteration= 5	 chi2= 0.000000	 time= 0.00017596	 cumTime= 0.00113059	 edges= 1	 schur= 0	 lambda= 0.000001	 levenbergIter= 1

